prob value
0.001366120218579235 69400.0
0.004098360655737705 68900.0
0.006830601092896175 68000.0
0.009562841530054645 65400.0
0.012295081967213115 65200.0
0.015027322404371584 64200.0
0.017759562841530054 62700.0
0.020491803278688523 62100.0
0.023224043715846996 59600.0
0.025956284153005466 59100.0
0.028688524590163935 58900.0
0.031420765027322405 58100.0
0.03415300546448088 55000.0
0.036885245901639344 53200.0
0.03961748633879782 50500.0
0.04234972677595628 50000.0
0.045081967213114756 50000.0
0.04781420765027322 48700.0
0.050546448087431695 48500.0
0.05327868852459016 48100.0
0.056010928961748634 47800.0
0.05874316939890711 47000.0
0.06147540983606557 46500.0
0.06420765027322405 46200.0
0.06693989071038252 45000.0
0.06967213114754098 45000.0
0.07240437158469945 44300.0
0.07513661202185792 43700.0
0.0778688524590164 43600.0
0.08060109289617487 42500.0
0.08333333333333333 42500.0
0.0860655737704918 42200.0
0.08879781420765027 41900.0
0.09153005464480875 41500.0
0.0942622950819672 41400.0
0.09699453551912568 40900.0
0.09972677595628415 40400.0
0.10245901639344263 40200.0
0.1051912568306011 39800.0
0.10792349726775956 39000.0
0.11065573770491803 38600.0
0.1133879781420765 37500.0
0.11612021857923498 37100.0
0.11885245901639344 36700.0
0.12158469945355191 36600.0
0.12431693989071038 36300.0
0.12704918032786885 36100.0
0.12978142076502733 35600.0
0.1325136612021858 35500.0
0.13524590163934427 35400.0
0.13797814207650272 35200.0
0.1407103825136612 34800.0
0.14344262295081966 34500.0
0.14617486338797814 34200.0
0.1489071038251366 34000.0
0.15163934426229508 33600.0
0.15437158469945356 33300.0
0.15710382513661203 33300.0
0.1598360655737705 32500.0
0.16256830601092895 31300.0
0.16530054644808742 31200.0
0.1680327868852459 30700.0
0.17076502732240437 30400.0
0.17349726775956284 29600.0
0.1762295081967213 29400.0
0.17896174863387979 29100.0
0.18169398907103826 29100.0
0.18442622950819673 28600.0
0.1871584699453552 28500.0
0.18989071038251365 28300.0
0.19262295081967212 28200.0
0.1953551912568306 28000.0
0.19808743169398907 27900.0
0.20081967213114754 27800.0
0.20355191256830601 27500.0
0.2062841530054645 27500.0
0.20901639344262296 27300.0
0.21174863387978143 27000.0
0.21448087431693988 26400.0
0.21721311475409835 26100.0
0.21994535519125682 25900.0
0.2226775956284153 25900.0
0.22540983606557377 25700.0
0.22814207650273224 25500.0
0.23087431693989072 25000.0
0.2336065573770492 24600.0
0.23633879781420766 24200.0
0.2390710382513661 24200.0
0.24180327868852458 24000.0
0.24453551912568305 23600.0
0.24726775956284153 23500.0
0.25 23100.0
0.2527322404371585 22500.0
0.25546448087431695 22500.0
0.2581967213114754 22400.0
0.2609289617486339 22000.0
0.26366120218579236 21300.0
0.26639344262295084 21200.0
0.2691256830601093 21000.0
0.2718579234972678 21000.0
0.27459016393442626 21000.0
0.2773224043715847 20300.0
0.28005464480874315 20300.0
0.2827868852459016 19300.0
0.2855191256830601 19100.0
0.28825136612021857 18900.0
0.29098360655737704 18700.0
0.2937158469945355 18600.0
0.296448087431694 18600.0
0.29918032786885246 18200.0
0.30191256830601093 17500.0
0.3046448087431694 17500.0
0.3073770491803279 17300.0
0.31010928961748635 17000.0
0.3128415300546448 17000.0
0.3155737704918033 16900.0
0.31830601092896177 16900.0
0.32103825136612024 16900.0
0.3237704918032787 16600.0
0.32650273224043713 16400.0
0.3292349726775956 16200.0
0.3319672131147541 16200.0
0.33469945355191255 16000.0
0.337431693989071 15900.0
0.3401639344262295 15900.0
0.34289617486338797 15800.0
0.34562841530054644 15600.0
0.3483606557377049 15300.0
0.3510928961748634 15200.0
0.35382513661202186 15000.0
0.35655737704918034 14800.0
0.3592896174863388 14800.0
0.3620218579234973 14600.0
0.36475409836065575 14600.0
0.3674863387978142 14600.0
0.3702185792349727 14500.0
0.3729508196721312 14400.0
0.3756830601092896 14100.0
0.37841530054644806 14000.0
0.38114754098360654 13800.0
0.383879781420765 13700.0
0.3866120218579235 13700.0
0.38934426229508196 13600.0
0.39207650273224043 13400.0
0.3948087431693989 13200.0
0.3975409836065574 13200.0
0.40027322404371585 12700.0
0.4030054644808743 12700.0
0.4057377049180328 12700.0
0.40846994535519127 12500.0
0.41120218579234974 12300.0
0.4139344262295082 12300.0
0.4166666666666667 12000.0
0.41939890710382516 12000.0
0.42213114754098363 11900.0
0.4248633879781421 11600.0
0.4275956284153005 11500.0
0.430327868852459 11500.0
0.43306010928961747 11500.0
0.43579234972677594 11200.0
0.4385245901639344 11000.0
0.4412568306010929 11000.0
0.44398907103825136 11000.0
0.44672131147540983 10900.0
0.4494535519125683 10900.0
0.4521857923497268 10900.0
0.45491803278688525 10700.0
0.4576502732240437 10700.0
0.4603825136612022 10600.0
0.46311475409836067 10600.0
0.46584699453551914 10500.0
0.4685792349726776 10500.0
0.4713114754098361 10500.0
0.47404371584699456 10400.0
0.476775956284153 10400.0
0.47950819672131145 10400.0
0.4822404371584699 10400.0
0.4849726775956284 10300.0
0.48770491803278687 10200.0
0.49043715846994534 10100.0
0.4931693989071038 10000.0
0.4959016393442623 9900.0
0.49863387978142076 9800.0
0.5013661202185792 9700.0
0.5040983606557377 9700.0
0.5068306010928961 9600.0
0.5095628415300546 9500.0
0.5122950819672131 9500.0
0.5150273224043715 9500.0
0.51775956284153 9500.0
0.5204918032786885 9500.0
0.523224043715847 9500.0
0.5259562841530054 9500.0
0.5286885245901639 9400.0
0.5314207650273224 9400.0
0.5341530054644809 9400.0
0.5368852459016393 9400.0
0.5396174863387978 9100.0
0.5423497267759563 9000.0
0.5450819672131147 9000.0
0.5478142076502732 9000.0
0.5505464480874317 9000.0
0.5532786885245902 8900.0
0.5560109289617486 8800.0
0.5587431693989071 8700.0
0.5614754098360656 8600.0
0.5642076502732241 8600.0
0.5669398907103825 8600.0
0.569672131147541 8500.0
0.5724043715846995 8500.0
0.575136612021858 8400.0
0.5778688524590164 8300.0
0.5806010928961749 8200.0
0.5833333333333334 8100.0
0.5860655737704918 7900.0
0.5887978142076503 7900.0
0.5915300546448088 7900.0
0.5942622950819673 7900.0
0.5969945355191257 7800.0
0.5997267759562842 7700.0
0.6024590163934426 7700.0
0.605191256830601 7700.0
0.6079234972677595 7600.0
0.610655737704918 7600.0
0.6133879781420765 7400.0
0.6161202185792349 7200.0
0.6188524590163934 7100.0
0.6215846994535519 7100.0
0.6243169398907104 7100.0
0.6270491803278688 7000.0
0.6297814207650273 7000.0
0.6325136612021858 7000.0
0.6352459016393442 6800.0
0.6379781420765027 6800.0
0.6407103825136612 6700.0
0.6434426229508197 6600.0
0.6461748633879781 6600.0
0.6489071038251366 6500.0
0.6516393442622951 6400.0
0.6543715846994536 6400.0
0.657103825136612 6400.0
0.6598360655737705 6400.0
0.662568306010929 6400.0
0.6653005464480874 6400.0
0.6680327868852459 6400.0
0.6707650273224044 6400.0
0.6734972677595629 6200.0
0.6762295081967213 6200.0
0.6789617486338798 6200.0
0.6816939890710383 6100.0
0.6844262295081968 6000.0
0.6871584699453552 6000.0
0.6898907103825137 6000.0
0.6926229508196722 6000.0
0.6953551912568307 6000.0
0.6980874316939891 6000.0
0.7008196721311475 6000.0
0.703551912568306 6000.0
0.7062841530054644 5900.0
0.7090163934426229 5900.0
0.7117486338797814 5600.0
0.7144808743169399 5600.0
0.7172131147540983 5600.0
0.7199453551912568 5600.0
0.7226775956284153 5600.0
0.7254098360655737 5500.0
0.7281420765027322 5500.0
0.7308743169398907 5500.0
0.7336065573770492 5500.0
0.7363387978142076 5500.0
0.7390710382513661 5400.0
0.7418032786885246 5300.0
0.744535519125683 5300.0
0.7472677595628415 5200.0
0.75 5200.0
0.7527322404371585 5200.0
0.755464480874317 5100.0
0.7581967213114754 5100.0
0.7609289617486339 5100.0
0.7636612021857924 5100.0
0.7663934426229508 5000.0
0.7691256830601093 4900.0
0.7718579234972678 4800.0
0.7745901639344263 4800.0
0.7773224043715847 4800.0
0.7800546448087432 4800.0
0.7827868852459017 4700.0
0.7855191256830601 4700.0
0.7882513661202186 4600.0
0.7909836065573771 4600.0
0.7937158469945356 4600.0
0.796448087431694 4600.0
0.7991803278688525 4500.0
0.8019125683060109 4500.0
0.8046448087431693 4500.0
0.8073770491803278 4500.0
0.8101092896174863 4500.0
0.8128415300546448 4500.0
0.8155737704918032 4400.0
0.8183060109289617 4400.0
0.8210382513661202 4400.0
0.8237704918032787 4400.0
0.8265027322404371 4300.0
0.8292349726775956 4300.0
0.8319672131147541 4300.0
0.8346994535519126 4300.0
0.837431693989071 4300.0
0.8401639344262295 4300.0
0.842896174863388 4300.0
0.8456284153005464 4200.0
0.8483606557377049 4200.0
0.8510928961748634 4200.0
0.8538251366120219 4100.0
0.8565573770491803 4100.0
0.8592896174863388 4100.0
0.8620218579234973 4100.0
0.8647540983606558 4000.0
0.8674863387978142 4000.0
0.8702185792349727 4000.0
0.8729508196721312 4000.0
0.8756830601092896 4000.0
0.8784153005464481 4000.0
0.8811475409836066 4000.0
0.8838797814207651 4000.0
0.8866120218579235 4000.0
0.889344262295082 4000.0
0.8920765027322405 3900.0
0.894808743169399 3900.0
0.8975409836065574 3900.0
0.9002732240437158 3900.0
0.9030054644808743 3900.0
0.9057377049180327 3900.0
0.9084699453551912 3800.0
0.9112021857923497 3800.0
0.9139344262295082 3700.0
0.9166666666666666 3700.0
0.9193989071038251 3700.0
0.9221311475409836 3700.0
0.924863387978142 3600.0
0.9275956284153005 3600.0
0.930327868852459 3600.0
0.9330601092896175 3600.0
0.9357923497267759 3600.0
0.9385245901639344 3600.0
0.9412568306010929 3600.0
0.9439890710382514 3500.0
0.9467213114754098 3500.0
0.9494535519125683 3500.0
0.9521857923497268 3500.0
0.9549180327868853 3500.0
0.9576502732240437 3500.0
0.9603825136612022 3400.0
0.9631147540983607 3400.0
0.9658469945355191 3400.0
0.9685792349726776 3400.0
0.9713114754098361 3400.0
0.9740437158469946 3300.0
0.976775956284153 3300.0
0.9795081967213115 3300.0
0.98224043715847 3300.0
0.9849726775956285 3100.0
0.9877049180327869 3100.0
0.9904371584699454 3000.0
0.9931693989071039 3000.0
0.9959016393442623 2700.0
0.9986338797814208 2300.0
