prob value
0.0013698630136986301 124400.0
0.00410958904109589 83200.0
0.00684931506849315 77500.0
0.009589041095890411 75700.0
0.012328767123287671 71900.0
0.015068493150684932 67900.0
0.01780821917808219 66000.0
0.02054794520547945 65000.0
0.023287671232876714 64200.0
0.026027397260273973 62000.0
0.028767123287671233 58000.0
0.031506849315068496 57500.0
0.03424657534246575 52000.0
0.036986301369863014 51500.0
0.03972602739726028 50500.0
0.04246575342465753 49000.0
0.045205479452054796 48900.0
0.04794520547945205 47600.0
0.050684931506849315 47500.0
0.05342465753424658 47300.0
0.056164383561643834 46100.0
0.0589041095890411 45400.0
0.06164383561643835 45000.0
0.06438356164383562 44200.0
0.06712328767123288 41000.0
0.06986301369863014 40500.0
0.07260273972602739 39700.0
0.07534246575342465 37400.0
0.07808219178082192 36600.0
0.08082191780821918 36200.0
0.08356164383561644 36200.0
0.0863013698630137 35400.0
0.08904109589041095 35300.0
0.09178082191780822 35000.0
0.09452054794520548 33200.0
0.09726027397260274 33200.0
0.1 32900.0
0.10273972602739725 32700.0
0.10547945205479452 31900.0
0.10821917808219178 31700.0
0.11095890410958904 31700.0
0.1136986301369863 31300.0
0.11643835616438356 31100.0
0.11917808219178082 29200.0
0.12191780821917808 29100.0
0.12465753424657534 28700.0
0.1273972602739726 28700.0
0.13013698630136986 28600.0
0.13287671232876713 28200.0
0.13561643835616438 27900.0
0.13835616438356163 27200.0
0.1410958904109589 26800.0
0.14383561643835616 26500.0
0.14657534246575343 26200.0
0.14931506849315068 26100.0
0.15205479452054796 25300.0
0.1547945205479452 25300.0
0.15753424657534246 24800.0
0.16027397260273973 24200.0
0.16301369863013698 23800.0
0.16575342465753426 23500.0
0.1684931506849315 23400.0
0.17123287671232876 23200.0
0.17397260273972603 23200.0
0.17671232876712328 22900.0
0.17945205479452056 22700.0
0.1821917808219178 22400.0
0.18493150684931506 22400.0
0.18767123287671234 22100.0
0.19041095890410958 22100.0
0.19315068493150686 22100.0
0.1958904109589041 21500.0
0.19863013698630136 21400.0
0.20136986301369864 21400.0
0.20410958904109588 20900.0
0.20684931506849316 20700.0
0.2095890410958904 20700.0
0.21232876712328766 20300.0
0.21506849315068494 20200.0
0.21780821917808219 20000.0
0.22054794520547946 19900.0
0.2232876712328767 19600.0
0.22602739726027396 19600.0
0.22876712328767124 19400.0
0.23150684931506849 19000.0
0.23424657534246576 18900.0
0.236986301369863 18900.0
0.23972602739726026 18700.0
0.24246575342465754 18600.0
0.2452054794520548 18200.0
0.24794520547945206 17600.0
0.25068493150684934 17600.0
0.2534246575342466 17500.0
0.25616438356164384 17400.0
0.2589041095890411 17400.0
0.26164383561643834 17100.0
0.26438356164383564 16600.0
0.2671232876712329 16100.0
0.26986301369863014 15900.0
0.2726027397260274 15900.0
0.27534246575342464 15700.0
0.27808219178082194 15500.0
0.2808219178082192 15500.0
0.28356164383561644 15300.0
0.2863013698630137 15100.0
0.28904109589041094 14900.0
0.29178082191780824 14800.0
0.2945205479452055 14700.0
0.29726027397260274 14600.0
0.3 14400.0
0.30273972602739724 14300.0
0.30547945205479454 14300.0
0.3082191780821918 14300.0
0.31095890410958904 14200.0
0.3136986301369863 14200.0
0.31643835616438354 14100.0
0.31917808219178084 14100.0
0.3219178082191781 13600.0
0.32465753424657534 13600.0
0.3273972602739726 13500.0
0.33013698630136984 13300.0
0.33287671232876714 13100.0
0.3356164383561644 12700.0
0.33835616438356164 12700.0
0.3410958904109589 12600.0
0.34383561643835614 12500.0
0.34657534246575344 12400.0
0.3493150684931507 12300.0
0.35205479452054794 12100.0
0.3547945205479452 12100.0
0.35753424657534244 12000.0
0.36027397260273974 11900.0
0.363013698630137 11900.0
0.36575342465753424 11700.0
0.3684931506849315 11700.0
0.37123287671232874 11700.0
0.37397260273972605 11600.0
0.3767123287671233 11400.0
0.37945205479452054 11400.0
0.3821917808219178 11400.0
0.38493150684931504 11200.0
0.38767123287671235 10900.0
0.3904109589041096 10900.0
0.39315068493150684 10800.0
0.3958904109589041 10800.0
0.39863013698630134 10500.0
0.40136986301369865 10500.0
0.4041095890410959 10500.0
0.40684931506849314 10500.0
0.4095890410958904 10400.0
0.4123287671232877 10200.0
0.41506849315068495 10000.0
0.4178082191780822 9900.0
0.42054794520547945 9900.0
0.4232876712328767 9800.0
0.426027397260274 9700.0
0.42876712328767125 9700.0
0.4315068493150685 9700.0
0.43424657534246575 9600.0
0.436986301369863 9500.0
0.4397260273972603 9500.0
0.44246575342465755 9400.0
0.4452054794520548 9200.0
0.44794520547945205 9200.0
0.4506849315068493 9100.0
0.4534246575342466 9000.0
0.45616438356164385 9000.0
0.4589041095890411 9000.0
0.46164383561643835 8900.0
0.4643835616438356 8900.0
0.4671232876712329 8600.0
0.46986301369863015 8500.0
0.4726027397260274 8400.0
0.47534246575342465 8400.0
0.4780821917808219 8200.0
0.4808219178082192 8100.0
0.48356164383561645 8100.0
0.4863013698630137 8100.0
0.48904109589041095 8000.0
0.4917808219178082 8000.0
0.4945205479452055 8000.0
0.49726027397260275 7900.0
0.5 7900.0
0.5027397260273972 7900.0
0.5054794520547945 7800.0
0.5082191780821917 7800.0
0.510958904109589 7700.0
0.5136986301369864 7700.0
0.5164383561643836 7700.0
0.5191780821917809 7600.0
0.5219178082191781 7500.0
0.5246575342465754 7500.0
0.5273972602739726 7400.0
0.5301369863013699 7400.0
0.5328767123287671 7400.0
0.5356164383561643 7400.0
0.5383561643835616 7300.0
0.541095890410959 7200.0
0.5438356164383562 7100.0
0.5465753424657535 7100.0
0.5493150684931507 7000.0
0.552054794520548 7000.0
0.5547945205479452 7000.0
0.5575342465753425 7000.0
0.5602739726027397 7000.0
0.563013698630137 6900.0
0.5657534246575342 6800.0
0.5684931506849316 6800.0
0.5712328767123288 6700.0
0.5739726027397261 6700.0
0.5767123287671233 6700.0
0.5794520547945206 6700.0
0.5821917808219178 6600.0
0.584931506849315 6600.0
0.5876712328767123 6600.0
0.5904109589041096 6500.0
0.5931506849315068 6500.0
0.5958904109589042 6500.0
0.5986301369863014 6500.0
0.6013698630136987 6500.0
0.6041095890410959 6500.0
0.6068493150684932 6500.0
0.6095890410958904 6400.0
0.6123287671232877 6400.0
0.6150684931506849 6200.0
0.6178082191780822 6200.0
0.6205479452054794 6200.0
0.6232876712328768 6100.0
0.626027397260274 6000.0
0.6287671232876713 6000.0
0.6315068493150685 6000.0
0.6342465753424658 5900.0
0.636986301369863 5900.0
0.6397260273972603 5900.0
0.6424657534246575 5700.0
0.6452054794520548 5700.0
0.647945205479452 5600.0
0.6506849315068494 5600.0
0.6534246575342466 5500.0
0.6561643835616439 5500.0
0.6589041095890411 5500.0
0.6616438356164384 5500.0
0.6643835616438356 5500.0
0.6671232876712329 5400.0
0.6698630136986301 5400.0
0.6726027397260274 5400.0
0.6753424657534246 5400.0
0.678082191780822 5300.0
0.6808219178082192 5200.0
0.6835616438356165 5200.0
0.6863013698630137 5200.0
0.689041095890411 5100.0
0.6917808219178082 5000.0
0.6945205479452055 5000.0
0.6972602739726027 5000.0
0.7 5000.0
0.7027397260273973 4900.0
0.7054794520547946 4900.0
0.7082191780821918 4900.0
0.7109589041095891 4900.0
0.7136986301369863 4700.0
0.7164383561643836 4700.0
0.7191780821917808 4600.0
0.7219178082191781 4600.0
0.7246575342465753 4600.0
0.7273972602739726 4600.0
0.7301369863013699 4500.0
0.7328767123287672 4500.0
0.7356164383561644 4400.0
0.7383561643835617 4400.0
0.7410958904109589 4400.0
0.7438356164383562 4300.0
0.7465753424657534 4300.0
0.7493150684931507 4200.0
0.7520547945205479 4200.0
0.7547945205479452 4200.0
0.7575342465753425 4200.0
0.7602739726027398 4200.0
0.763013698630137 4200.0
0.7657534246575343 4100.0
0.7684931506849315 4100.0
0.7712328767123288 4100.0
0.773972602739726 4000.0
0.7767123287671233 4000.0
0.7794520547945205 3900.0
0.7821917808219178 3900.0
0.7849315068493151 3800.0
0.7876712328767124 3800.0
0.7904109589041096 3800.0
0.7931506849315069 3800.0
0.7958904109589041 3800.0
0.7986301369863014 3700.0
0.8013698630136986 3700.0
0.8041095890410959 3600.0
0.8068493150684931 3500.0
0.8095890410958904 3500.0
0.8123287671232877 3500.0
0.815068493150685 3400.0
0.8178082191780822 3400.0
0.8205479452054795 3400.0
0.8232876712328767 3400.0
0.826027397260274 3400.0
0.8287671232876712 3300.0
0.8315068493150685 3200.0
0.8342465753424657 3200.0
0.836986301369863 3200.0
0.8397260273972603 3200.0
0.8424657534246576 3200.0
0.8452054794520548 3100.0
0.8479452054794521 3100.0
0.8506849315068493 3100.0
0.8534246575342466 3100.0
0.8561643835616438 3100.0
0.8589041095890411 3100.0
0.8616438356164383 3100.0
0.8643835616438356 3100.0
0.8671232876712329 3100.0
0.8698630136986302 3100.0
0.8726027397260274 3100.0
0.8753424657534247 3000.0
0.8780821917808219 3000.0
0.8808219178082192 3000.0
0.8835616438356164 3000.0
0.8863013698630137 3000.0
0.8890410958904109 3000.0
0.8917808219178082 3000.0
0.8945205479452055 3000.0
0.8972602739726028 3000.0
0.9 3000.0
0.9027397260273973 3000.0
0.9054794520547945 3000.0
0.9082191780821918 3000.0
0.910958904109589 2900.0
0.9136986301369863 2900.0
0.9164383561643835 2900.0
0.9191780821917809 2900.0
0.9219178082191781 2900.0
0.9246575342465754 2900.0
0.9273972602739726 2900.0
0.9301369863013699 2900.0
0.9328767123287671 2900.0
0.9356164383561644 2800.0
0.9383561643835616 2800.0
0.9410958904109589 2800.0
0.9438356164383561 2800.0
0.9465753424657535 2800.0
0.9493150684931507 2700.0
0.952054794520548 2700.0
0.9547945205479452 2600.0
0.9575342465753425 2600.0
0.9602739726027397 2600.0
0.963013698630137 2600.0
0.9657534246575342 2600.0
0.9684931506849315 2500.0
0.9712328767123287 2500.0
0.9739726027397261 2500.0
0.9767123287671233 2500.0
0.9794520547945206 2500.0
0.9821917808219178 2500.0
0.9849315068493151 2500.0
0.9876712328767123 2500.0
0.9904109589041096 2500.0
0.9931506849315068 2500.0
0.9958904109589041 2400.0
0.9986301369863013 2400.0
